PoKordin1
|                   i|               (x,y)|              F(x,y)|
+--------------------+--------------------+--------------------+
|                   0|               (0,0)|             1659.52|
|                   1|   (8.84889,8.92483)|             61.9656|
|                   2|   (6.38526,7.02509)|             10.9953|
|                   3|          (6.0001,7)|           0.0029346|
|                   4|               (6,7)|         3.02623e-05|

Root at the point: (6,7) Func value: 3.02623e-05 

Func was called 306 times 

PoKordin2
|                   i|               (x,y)|              F(x,y)|
+--------------------+--------------------+--------------------+
|                   0|               (0,0)|                 180|
|                   1|   (10.9135,10.9135)|              25.323|
|                   2|   (6.11965,11.9988)|             1.00516|
|                   3|              (6,12)|         3.16088e-05|

Root at the point: (6,12) Func value: 3.16088e-05 

Func was called 245 times 

PoKordin3
|                   i|               (x,y)|              F(x,y)|
+--------------------+--------------------+--------------------+
|                   0|              (6,12)|             8.48528|
|                   1|              (12,6)|         6.12008e-06|

Root at the point: (12,6) Func value: 6.12008e-06 

Func was called 123 times 

GradWithConst(a=1.21165e-05)
|                   i|               (x,y)|           Grad(x,y)|      Abs(Grad(x,y))|
+--------------------+--------------------+--------------------+--------------------+
|                   0|             (12,12)|       (41904,39312)|             57457.6|
|                   1|   (11.4923,11.5237)|   (25820.9,23974.9)|             35235.2|
|                   2|   (11.1794,11.2332)|     (18961.2,17426)|             25752.5|
|                   3|    (10.9497,11.022)|     (15058.2,13696)|             20355.1|
|                   4|   (10.7672,10.8561)|     (12522,11269.8)|             16846.6|
|                   5|   (10.6155,10.7195)|    (10737.4,9561.1)|             14377.3|
|                   6|   (10.4854,10.6037)|   (9412.36,8291.19)|             12543.4|
|                   7|   (10.3713,10.5032)|   (8389.34,7309.89)|             11127.2|
|                   8|   (10.2697,10.4147)|   (7575.66,6528.76)|             10000.8|
|                   9|   (10.1779,10.3356)|   (6913.14,5892.27)|             9083.52|
|                  10|   (10.0941,10.2642)|   (6363.33,5363.71)|             8322.34|
|                  11|    (10.017,10.1992)|   (5899.81,4917.87)|             7680.71|
|                  12|   (9.94556,10.1396)|   (5503.82,4536.83)|             7132.66|
|                  13|   (9.87887,10.0846)|   (5161.66,4207.49)|             6659.26|
|                  14|   (9.81633,10.0336)|    (4863.1,3920.08)|             6246.34|
|                  15|    (9.7574,9.98614)|   (4600.33,3667.13)|             5883.11|
|                  16|   (9.70166,9.94171)|   (4367.31,3442.88)|             5561.19|
|                  17|   (9.64875,9.89999)|   (4159.27,3242.76)|             5273.99|
|                  18|    (9.59835,9.8607)|    (3972.4,3063.12)|             5016.24|
|                  19|   (9.55022,9.82359)|   (3803.64,2901.04)|             4783.69|
|                  20|   (9.50413,9.78844)|    (3650.47,2754.1)|             4572.86|
|                  21|    (9.4599,9.75507)|   (3510.83,2620.33)|             4380.88|
|                  22|   (9.41736,9.72332)|      (3383,2498.08)|             4205.37|
|                  23|   (9.37637,9.69305)|   (3265.54,2385.96)|             4044.32|
|                  24|   (9.33681,9.66414)|    (3157.22,2282.8)|             3896.05|
|                  25|   (9.29855,9.63648)|   (3057.01,2187.61)|             3759.12|
|                  26|   (9.26151,9.60997)|   (2964.03,2099.53)|             3632.29|
|                  27|    (9.2256,9.58454)|   (2877.51,2017.84)|              3514.5|
|                  28|   (9.19073,9.56009)|   (2796.78,1941.89)|             3404.84|
|                  29|   (9.15685,9.53656)|   (2721.28,1871.12)|              3302.5|
|                  30|   (9.12387,9.51389)|   (2650.51,1805.07)|             3206.79|
|                  31|   (9.09176,9.49202)|   (2584.02,1743.29)|             3117.09|
|                  32|   (9.06045,9.47089)|   (2521.42,1685.42)|             3032.86|
|                  33|    (9.0299,9.45047)|   (2462.38,1631.13)|             2953.63|
|                  34|   (9.00006,9.43071)|   (2406.59,1580.11)|             2878.96|
|                  35|    (8.9709,9.41156)|    (2353.78,1532.1)|             2808.49|
|                  36|     (8.94238,9.393)|    (2303.7,1486.88)|             2741.87|
|                  37|   (8.91447,9.37498)|   (2256.15,1444.22)|              2678.8|
|                  38|   (8.88713,9.35748)|   (2210.92,1403.94)|             2619.01|
|                  39|   (8.86035,9.34047)|   (2167.84,1365.86)|             2562.24|
|                  40|   (8.83408,9.32392)|   (2126.75,1329.83)|             2508.29|
|                  41|   (8.80831,9.30781)|   (2087.51,1295.72)|             2456.95|
|                  42|   (8.78302,9.29211)|   (2049.99,1263.38)|             2408.03|
|                  43|    (8.75818,9.2768)|   (2014.07,1232.71)|             2361.37|
|                  44|   (8.73377,9.26187)|   (1979.65,1203.59)|             2316.82|
|                  45|   (8.70979,9.24728)|   (1946.62,1175.93)|             2274.23|
|                  46|    (8.6862,9.23304)|   (1914.89,1149.65)|              2233.5|
|                  47|     (8.663,9.21911)|   (1884.39,1124.65)|             2194.48|
|                  48|   (8.64017,9.20548)|   (1855.04,1100.86)|             2157.09|
|                  49|   (8.61769,9.19214)|   (1826.76,1078.21)|             2121.23|
|                  50|   (8.59556,9.17908)|    (1799.5,1056.64)|             2086.79|
|                  51|   (8.57375,9.16627)|   (1773.19,1036.09)|              2053.7|
|                  52|   (8.55227,9.15372)|    (1747.79,1016.5)|             2021.89|
|                  53|    (8.53109,9.1414)|   (1723.24,997.815)|             1991.28|
|                  54|   (8.51021,9.12931)|   (1699.49,979.995)|              1961.8|
|                  55|   (8.48962,9.11744)|    (1676.5,962.993)|             1933.39|
|                  56|   (8.46931,9.10577)|   (1654.23,946.768)|             1906.01|
|                  57|    (8.44926,9.0943)|   (1632.65,931.279)|             1879.58|
|                  58|   (8.42948,9.08302)|   (1611.72,916.492)|             1854.07|
|                  59|   (8.40995,9.07191)|    (1591.4,902.371)|             1829.43|
|                  60|   (8.39067,9.06098)|   (1571.67,888.886)|             1805.62|
|                  61|   (8.37163,9.05021)|    (1552.5,876.007)|              1782.6|
|                  62|   (8.35282,9.03959)|   (1533.86,863.705)|             1760.32|
|                  63|   (8.33423,9.02913)|   (1515.73,851.955)|             1738.76|
|                  64|   (8.31587,9.01881)|   (1498.09,840.731)|             1717.88|
|                  65|   (8.29771,9.00862)|    (1480.91,830.01)|             1697.65|
|                  66|   (8.27977,8.99856)|    (1464.17,819.77)|             1678.04|
|                  67|   (8.26203,8.98863)|   (1447.86,809.991)|             1659.03|
|                  68|   (8.24449,8.97882)|   (1431.95,800.652)|             1640.59|
|                  69|   (8.22714,8.96911)|   (1416.44,791.735)|             1622.69|
|                  70|   (8.20998,8.95952)|    (1401.3,783.224)|             1605.32|
|                  71|     (8.193,8.95003)|     (1386.51,775.1)|             1588.46|
|                  72|    (8.1762,8.94064)|   (1372.08,767.348)|             1572.07|
|                  73|   (8.15957,8.93134)|   (1357.97,759.953)|             1556.16|
|                  74|   (8.14312,8.92213)|   (1344.19,752.902)|             1540.68|
|                  75|   (8.12683,8.91301)|    (1330.71,746.18)|             1525.64|
|                  76|   (8.11071,8.90397)|   (1317.53,739.774)|             1511.01|
|                  77|   (8.09474,8.89501)|   (1304.64,733.673)|             1496.78|
|                  78|   (8.07894,8.88612)|   (1292.02,727.864)|             1482.94|
|                  79|    (8.06328,8.8773)|   (1279.68,722.337)|             1469.47|
|                  80|   (8.04778,8.86855)|   (1267.59,717.081)|             1456.36|
|                  81|   (8.03242,8.85986)|   (1255.74,712.086)|             1443.59|
|                  82|    (8.0172,8.85123)|   (1244.15,707.341)|             1431.16|
|                  83|   (8.00213,8.84266)|   (1232.78,702.839)|             1419.06|
|                  84|   (7.98719,8.83414)|    (1221.64,698.57)|             1407.27|
|                  85|   (7.97239,8.82568)|   (1210.72,694.525)|             1395.79|
|                  86|   (7.95772,8.81726)|   (1200.02,690.696)|              1384.6|
|                  87|   (7.94318,8.80889)|   (1189.52,687.077)|             1373.69|
|                  88|   (7.92877,8.80057)|   (1179.22,683.658)|             1363.07|
|                  89|   (7.91448,8.79229)|   (1169.12,680.433)|             1352.71|
|                  90|   (7.90031,8.78404)|   (1159.21,677.396)|             1342.62|
|                  91|   (7.88627,8.77583)|   (1149.48,674.539)|             1332.78|
|                  92|   (7.87234,8.76766)|   (1139.94,671.856)|              1323.2|
|                  93|   (7.85853,8.75952)|   (1130.56,669.341)|             1313.85|
|                  94|   (7.84483,8.75141)|   (1121.36,666.988)|             1304.73|
|                  95|   (7.83124,8.74333)|   (1112.33,664.792)|             1295.85|
|                  96|   (7.81776,8.73527)|   (1103.46,662.746)|             1287.19|
|                  97|   (7.80439,8.72724)|   (1094.74,660.847)|             1278.74|
|                  98|   (7.79113,8.71924)|   (1086.18,659.088)|             1270.51|
|                  99|   (7.77797,8.71125)|   (1077.77,657.464)|             1262.48|
|                 100|   (7.76491,8.70328)|   (1069.51,655.972)|             1254.65|
|                 101|   (7.75195,8.69534)|   (1061.39,654.606)|             1247.02|
|                 102|    (7.73909,8.6874)|   (1053.41,653.362)|             1239.58|
|                 103|   (7.72633,8.67949)|   (1045.57,652.236)|             1232.33|
|                 104|   (7.71366,8.67159)|   (1037.86,651.223)|             1225.26|
|                 105|    (7.70108,8.6637)|   (1030.29,650.319)|             1218.36|
|                 106|    (7.6886,8.65582)|   (1022.84,649.521)|             1211.64|
|                 107|   (7.67621,8.64795)|   (1015.52,648.825)|              1205.1|
|                 108|    (7.6639,8.64008)|   (1008.32,648.227)|             1198.71|
|                 109|   (7.65168,8.63223)|   (1001.25,647.724)|             1192.49|
|                 110|   (7.63955,8.62438)|   (994.289,647.311)|             1186.43|
|                 111|   (7.62751,8.61654)|   (987.447,646.987)|             1180.53|
|                 112|    (7.61554,8.6087)|   (980.719,646.746)|             1174.77|
|                 113|   (7.60366,8.60086)|   (974.102,646.587)|             1169.17|
|                 114|   (7.59186,8.59303)|   (967.595,646.506)|             1163.71|
|                 115|    (7.58013,8.5852)|     (961.195,646.5)|             1158.39|
|                 116|   (7.56849,8.57736)|     (954.9,646.567)|             1153.21|
|                 117|   (7.55692,8.56953)|   (948.709,646.702)|             1148.16|
|                 118|   (7.54542,8.56169)|   (942.619,646.904)|             1143.25|
|                 119|     (7.534,8.55385)|    (936.628,647.17)|             1138.46|
|                 120|   (7.52265,8.54601)|   (930.735,647.497)|             1133.81|
|                 121|   (7.51137,8.53817)|   (924.939,647.882)|             1129.28|
|                 122|   (7.50017,8.53032)|   (919.236,648.323)|             1124.86|
|                 123|   (7.48903,8.52246)|   (913.626,648.817)|             1120.57|
|                 124|    (7.47796,8.5146)|   (908.106,649.363)|             1116.39|
|                 125|   (7.46695,8.50673)|   (902.676,649.957)|             1112.33|
|                 126|   (7.45602,8.49886)|   (897.334,650.597)|             1108.37|
|                 127|   (7.44515,8.49097)|   (892.077,651.281)|             1104.52|
|                 128|   (7.43434,8.48308)|   (886.905,652.006)|             1100.78|
|                 129|   (7.42359,8.47518)|   (881.816,652.771)|             1097.14|
|                 130|   (7.41291,8.46727)|   (876.809,653.573)|              1093.6|
|                 131|   (7.40228,8.45935)|    (871.882,654.41)|             1090.15|
|                 132|   (7.39172,8.45143)|    (867.033,655.28)|              1086.8|
|                 133|   (7.38121,8.44349)|   (862.262,656.181)|             1083.54|
|                 134|   (7.37076,8.43553)|   (857.566,657.111)|             1080.38|
|                 135|   (7.36037,8.42757)|   (852.945,658.068)|              1077.3|
|                 136|    (7.35004,8.4196)|   (848.397,659.049)|              1074.3|
|                 137|   (7.33976,8.41161)|   (843.921,660.054)|             1071.39|
|                 138|   (7.32953,8.40362)|   (839.515,661.079)|             1068.56|
|                 139|   (7.31936,8.39561)|   (835.178,662.123)|              1065.8|
|                 140|   (7.30924,8.38758)|   (830.909,663.185)|             1063.12|
|                 141|   (7.29917,8.37955)|   (826.707,664.262)|             1060.51|
|                 142|    (7.28916,8.3715)|    (822.57,665.353)|             1057.98|
|                 143|   (7.27919,8.36344)|   (818.496,666.455)|             1055.51|
|                 144|   (7.26927,8.35536)|   (814.486,667.567)|             1053.11|
|                 145|   (7.25941,8.34727)|   (810.536,668.688)|             1050.77|
|                 146|   (7.24958,8.33917)|   (806.647,669.815)|             1048.49|
|                 147|   (7.23981,8.33106)|   (802.817,670.947)|             1046.27|
|                 148|   (7.23008,8.32293)|   (799.045,672.082)|             1044.11|
|                 149|    (7.2204,8.31478)|   (795.329,673.218)|                1042|
|                 150|   (7.21077,8.30663)|   (791.668,674.354)|             1039.95|
|                 151|   (7.20117,8.29846)|    (788.06,675.488)|             1037.94|
|                 152|   (7.19162,8.29027)|   (784.506,676.618)|             1035.98|
|                 153|   (7.18212,8.28207)|   (781.003,677.744)|             1034.07|
|                 154|   (7.17266,8.27386)|    (777.55,678.862)|              1032.2|
|                 155|   (7.16323,8.26564)|   (774.146,679.972)|             1030.37|
|                 156|    (7.15385,8.2574)|    (770.79,681.072)|             1028.58|
|                 157|   (7.14452,8.24914)|   (767.481,682.161)|             1026.83|
|                 158|   (7.13522,8.24088)|   (764.216,683.237)|              1025.1|
|                 159|    (7.12596,8.2326)|   (760.996,684.297)|             1023.41|
|                 160|   (7.11674,8.22431)|   (757.818,685.342)|             1021.75|
|                 161|   (7.10755,8.21601)|    (754.682,686.37)|             1020.12|
|                 162|   (7.09841,8.20769)|   (751.586,687.378)|             1018.51|
|                 163|    (7.0893,8.19936)|    (748.53,688.365)|             1016.93|
|                 164|   (7.08023,8.19102)|    (745.511,689.33)|             1015.36|
|                 165|    (7.0712,8.18267)|   (742.528,690.272)|             1013.82|
|                 166|     (7.0622,8.1743)|   (739.581,691.189)|             1012.29|
|                 167|   (7.05324,8.16593)|   (736.667,692.079)|             1010.77|
|                 168|   (7.04432,8.15754)|   (733.787,692.941)|             1009.26|
|                 169|   (7.03543,8.14915)|   (730.937,693.774)|             1007.77|
|                 170|   (7.02657,8.14074)|   (728.118,694.577)|             1006.28|
|                 171|   (7.01775,8.13233)|   (725.328,695.347)|             1004.79|
|                 172|    (7.00896,8.1239)|   (722.565,696.084)|             1003.31|
|                 173|    (7.0002,8.11547)|   (719.829,696.785)|             1001.83|
|                 174|   (6.99148,8.10702)|   (717.118,697.451)|             1000.35|
|                 175|   (6.98279,8.09857)|    (714.43,698.079)|             998.862|
|                 176|   (6.97414,8.09011)|   (711.765,698.668)|              997.37|
|                 177|   (6.96551,8.08165)|   (709.121,699.217)|              995.87|
|                 178|   (6.95692,8.07318)|   (706.497,699.724)|              994.36|
|                 179|    (6.94836,8.0647)|   (703.891,700.189)|             992.838|
|                 180|   (6.93983,8.05622)|    (701.303,700.61)|             991.302|
|                 181|   (6.93133,8.04773)|    (698.73,700.985)|             989.749|
|                 182|   (6.92287,8.03923)|   (696.172,701.313)|             988.178|
|                 183|   (6.91443,8.03074)|   (693.627,701.594)|             986.587|
|                 184|   (6.90603,8.02223)|   (691.095,701.826)|             984.973|
|                 185|   (6.89766,8.01373)|   (688.573,702.007)|             983.334|
|                 186|   (6.88931,8.00523)|    (686.06,702.137)|             981.669|
|                 187|     (6.881,7.99672)|   (683.555,702.215)|             979.976|
|                 188|   (6.87272,7.98821)|   (681.058,702.238)|             978.253|
|                 189|    (6.86446,7.9797)|   (678.565,702.207)|             976.497|
|                 190|   (6.85624,7.97119)|    (676.077,702.12)|             974.707|
|                 191|   (6.84805,7.96268)|   (673.592,701.976)|              972.88|
|                 192|   (6.83989,7.95418)|   (671.108,701.774)|             971.016|
|                 193|   (6.83176,7.94568)|   (668.625,701.513)|             969.112|
|                 194|   (6.82366,7.93718)|    (666.14,701.191)|             967.167|
|                 195|   (6.81559,7.92868)|   (663.653,700.809)|             965.178|
|                 196|   (6.80754,7.92019)|   (661.163,700.364)|             963.144|
|                 197|    (6.79953,7.9117)|   (658.668,699.857)|             961.064|
|                 198|   (6.79155,7.90322)|   (656.167,699.285)|             958.935|
|                 199|    (6.7836,7.89475)|   (653.659,698.649)|             956.755|
|                 200|   (6.77568,7.88629)|   (651.143,697.947)|             954.524|
|                 201|   (6.76779,7.87783)|   (648.616,697.179)|              952.24|
|                 202|   (6.75993,7.86938)|   (646.079,696.343)|             949.901|
|                 203|   (6.75211,7.86094)|    (643.53,695.439)|             947.506|
|                 204|   (6.74431,7.85252)|   (640.968,694.467)|             945.052|
|                 205|    (6.73654,7.8441)|   (638.391,693.425)|              942.54|
|                 206|    (6.72881,7.8357)|   (635.799,692.312)|             939.967|
|                 207|    (6.7211,7.82731)|   (633.191,691.129)|             937.331|
|                 208|   (6.71343,7.81894)|   (630.565,689.875)|             934.633|
|                 209|   (6.70579,7.81058)|    (627.92,688.549)|              931.87|
|                 210|   (6.69818,7.80224)|    (625.255,687.15)|             929.042|
|                 211|   (6.69061,7.79391)|    (622.57,685.678)|             926.147|
|                 212|    (6.68306,7.7856)|   (619.863,684.133)|             923.184|
|                 213|   (6.67555,7.77731)|   (617.133,682.514)|             920.151|
|                 214|   (6.66808,7.76904)|    (614.38,680.821)|             917.049|
|                 215|    (6.66063,7.7608)|   (611.602,679.053)|             913.877|
|                 216|   (6.65322,7.75257)|   (608.799,677.211)|             910.632|
|                 217|   (6.64584,7.74436)|    (605.97,675.293)|             907.315|
|                 218|    (6.6385,7.73618)|   (603.113,673.301)|             903.925|
|                 219|   (6.63119,7.72802)|   (600.229,671.233)|              900.46|
|                 220|   (6.62392,7.71989)|    (597.316,669.09)|             896.921|
|                 221|   (6.61668,7.71178)|   (594.374,666.871)|             893.307|
|                 222|    (6.60948,7.7037)|   (591.402,664.577)|             889.617|
|                 223|   (6.60232,7.69565)|     (588.4,662.207)|             885.851|
|                 224|   (6.59519,7.68763)|   (585.366,659.762)|             882.009|
|                 225|   (6.58809,7.67963)|   (582.301,657.242)|              878.09|
|                 226|   (6.58104,7.67167)|   (579.203,654.647)|             874.093|
|                 227|   (6.57402,7.66374)|   (576.073,651.977)|             870.019|
|                 228|   (6.56704,7.65584)|    (572.91,649.232)|             865.868|
|                 229|    (6.5601,7.64797)|   (569.713,646.414)|              861.64|
|                 230|    (6.5532,7.64014)|   (566.482,643.521)|             857.334|
|                 231|   (6.54633,7.63234)|   (563.217,640.556)|             852.951|
|                 232|   (6.53951,7.62458)|   (559.918,637.518)|             848.491|
|                 233|   (6.53272,7.61685)|   (556.584,634.407)|             843.954|
|                 234|   (6.52598,7.60917)|   (553.215,631.225)|              839.34|
|                 235|   (6.51928,7.60152)|   (549.812,627.971)|              834.65|
|                 236|   (6.51262,7.59391)|   (546.373,624.648)|             829.885|
|                 237|     (6.506,7.58634)|     (542.9,621.255)|             825.044|
|                 238|   (6.49942,7.57881)|   (539.391,617.793)|             820.129|
|                 239|   (6.49288,7.57133)|   (535.848,614.264)|              815.14|
|                 240|   (6.48639,7.56389)|    (532.27,610.667)|             810.077|
|                 241|   (6.47994,7.55649)|   (528.657,607.004)|             804.943|
|                 242|   (6.47353,7.54913)|    (525.01,603.277)|             799.736|
|                 243|   (6.46717,7.54182)|   (521.329,599.485)|              794.46|
|                 244|   (6.46086,7.53456)|   (517.614,595.631)|             789.113|
|                 245|   (6.45459,7.52734)|   (513.865,591.715)|             783.699|
|                 246|   (6.44836,7.52017)|   (510.083,587.738)|             778.217|
|                 247|   (6.44218,7.51305)|   (506.269,583.702)|             772.669|
|                 248|   (6.43604,7.50598)|   (502.423,579.608)|             767.056|
|                 249|   (6.42996,7.49896)|   (498.545,575.458)|              761.38|
|                 250|   (6.42392,7.49198)|   (494.636,571.252)|             755.641|
|                 251|   (6.41792,7.48506)|   (490.697,566.992)|             749.842|
|                 252|   (6.41198,7.47819)|    (486.728,562.68)|             743.984|
|                 253|   (6.40608,7.47137)|    (482.73,558.317)|             738.069|
|                 254|   (6.40023,7.46461)|   (478.704,553.904)|             732.098|
|                 255|    (6.39443,7.4579)|   (474.651,549.443)|             726.072|
|                 256|   (6.38868,7.45124)|    (470.57,544.936)|             719.994|
|                 257|   (6.38298,7.44464)|   (466.464,540.384)|             713.866|
|                 258|   (6.37733,7.43809)|    (462.333,535.79)|             707.688|
|                 259|    (6.37172,7.4316)|   (458.179,531.153)|             701.464|
|                 260|   (6.36617,7.42516)|   (454.001,526.478)|             695.195|
|                 261|   (6.36067,7.41878)|   (449.801,521.764)|             688.882|
|                 262|   (6.35522,7.41246)|   (445.581,517.013)|             682.529|
|                 263|    (6.34982,7.4062)|    (441.34,512.229)|             676.136|
|                 264|   (6.34448,7.39999)|   (437.081,507.412)|             669.706|
|                 265|   (6.33918,7.39384)|   (432.804,502.563)|             663.242|
|                 266|   (6.33394,7.38775)|   (428.511,497.686)|             656.744|
|                 267|   (6.32874,7.38172)|   (424.202,492.782)|             650.216|
|                 268|    (6.3236,7.37575)|   (419.879,487.852)|              643.66|
|                 269|   (6.31852,7.36984)|   (415.544,482.898)|             637.077|
|                 270|   (6.31348,7.36399)|   (411.196,477.923)|              630.47|
|                 271|     (6.3085,7.3582)|   (406.838,472.928)|             623.841|
|                 272|   (6.30357,7.35247)|    (402.47,467.914)|             617.192|
|                 273|    (6.29869,7.3468)|   (398.095,462.885)|             610.526|
|                 274|   (6.29387,7.34119)|   (393.712,457.841)|             603.845|
|                 275|    (6.2891,7.33564)|   (389.325,452.785)|              597.15|
|                 276|   (6.28438,7.33016)|   (384.933,447.719)|             590.445|
|                 277|   (6.27972,7.32473)|   (380.538,442.643)|             583.731|
|                 278|   (6.27511,7.31937)|   (376.141,437.561)|             577.011|
|                 279|   (6.27055,7.31407)|   (371.744,432.474)|             570.287|
|                 280|   (6.26605,7.30883)|   (367.348,427.383)|             563.561|
|                 281|   (6.26159,7.30365)|    (362.954,422.29)|             556.835|
|                 282|    (6.2572,7.29853)|   (358.564,417.198)|             550.111|
|                 283|   (6.25285,7.29348)|   (354.178,412.108)|             543.393|
|                 284|   (6.24856,7.28848)|   (349.799,407.022)|             536.681|
|                 285|   (6.24432,7.28355)|   (345.426,401.941)|             529.977|
|                 286|   (6.24014,7.27868)|   (341.063,396.867)|             523.285|
|                 287|     (6.236,7.27387)|   (336.709,391.803)|             516.606|
|                 288|   (6.23192,7.26913)|   (332.366,386.748)|             509.942|
|                 289|    (6.2279,7.26444)|   (328.035,381.706)|             503.295|
|                 290|   (6.22392,7.25982)|   (323.717,376.677)|             496.667|
|                 291|      (6.22,7.25525)|   (319.415,371.663)|              490.06|
|                 292|   (6.21613,7.25075)|   (315.127,366.666)|             483.476|
|                 293|   (6.21231,7.24631)|   (310.857,361.687)|             476.917|
|                 294|   (6.20855,7.24192)|   (306.605,356.728)|             470.384|
|                 295|    (6.20483,7.2376)|    (302.372,351.79)|              463.88|
|                 296|   (6.20117,7.23334)|   (298.158,346.874)|             457.406|
|                 297|   (6.19755,7.22914)|   (293.966,341.982)|             450.963|
|                 298|   (6.19399,7.22499)|   (289.797,337.115)|             444.554|
|                 299|   (6.19048,7.22091)|    (285.65,332.275)|             438.181|
|                 300|   (6.18702,7.21688)|   (281.527,327.462)|             431.843|
|                 301|   (6.18361,7.21291)|    (277.43,322.677)|             425.544|
|                 302|     (6.18025,7.209)|   (273.358,317.923)|             419.285|
|                 303|   (6.17694,7.20515)|     (269.314,313.2)|             413.066|
|                 304|   (6.17367,7.20136)|   (265.297,308.508)|              406.89|
|                 305|   (6.17046,7.19762)|    (261.308,303.85)|             400.758|
|                 306|   (6.16729,7.19394)|   (257.349,299.226)|             394.671|
|                 307|   (6.16417,7.19031)|    (253.42,294.638)|              388.63|
|                 308|    (6.1611,7.18674)|   (249.522,290.085)|             382.636|
|                 309|   (6.15808,7.18323)|   (245.655,285.569)|             376.691|
|                 310|    (6.1551,7.17977)|    (241.821,281.09)|             370.795|
|                 311|   (6.15217,7.17636)|   (238.019,276.651)|              364.95|
|                 312|   (6.14929,7.17301)|    (234.251,272.25)|             359.157|
|                 313|   (6.14645,7.16971)|   (230.517,267.889)|             353.416|
|                 314|   (6.14366,7.16646)|   (226.817,263.569)|             347.728|
|                 315|   (6.14091,7.16327)|   (223.153,259.291)|             342.095|
|                 316|   (6.13821,7.16013)|   (219.524,255.054)|             336.516|
|                 317|   (6.13555,7.15704)|   (215.931,250.859)|             330.993|
|                 318|     (6.13293,7.154)|   (212.374,246.707)|             325.526|
|                 319|   (6.13036,7.15101)|   (208.855,242.599)|             320.117|
|                 320|   (6.12783,7.14807)|   (205.372,238.535)|             314.765|
|                 321|   (6.12534,7.14518)|   (201.928,234.515)|              309.47|
|                 322|   (6.12289,7.14234)|   (198.521,230.539)|             304.235|
|                 323|   (6.12048,7.13955)|   (195.152,226.608)|             299.058|
|                 324|    (6.11812,7.1368)|   (191.822,222.723)|             293.941|
|                 325|     (6.1158,7.1341)|    (188.53,218.883)|             288.883|
|                 326|   (6.11351,7.13145)|   (185.277,215.089)|             283.885|
|                 327|   (6.11127,7.12884)|   (182.063,211.341)|             278.948|
|                 328|   (6.10906,7.12628)|   (178.888,207.638)|             274.071|
|                 329|   (6.10689,7.12377)|   (175.753,203.983)|             269.254|
|                 330|    (6.10476,7.1213)|   (172.657,200.373)|             264.499|
|                 331|   (6.10267,7.11887)|      (169.6,196.81)|             259.804|
|                 332|   (6.10062,7.11648)|   (166.583,193.293)|             255.171|
|                 333|    (6.0986,7.11414)|   (163.605,189.823)|             250.598|
|                 334|   (6.09662,7.11184)|   (160.667,186.399)|             246.086|
|                 335|   (6.09467,7.10958)|   (157.768,183.022)|             241.636|
|                 336|   (6.09276,7.10736)|   (154.909,179.691)|             237.246|
|                 337|   (6.09088,7.10519)|   (152.089,176.406)|             232.917|
|                 338|   (6.08904,7.10305)|   (149.308,173.168)|             228.649|
|                 339|   (6.08723,7.10095)|   (146.567,169.976)|             224.441|
|                 340|   (6.08545,7.09889)|   (143.865,166.829)|             220.293|
|                 341|   (6.08371,7.09687)|   (141.202,163.729)|             216.206|
|                 342|     (6.082,7.09489)|   (138.577,160.674)|             212.179|
|                 343|   (6.08032,7.09294)|   (135.991,157.664)|             208.211|
|                 344|   (6.07867,7.09103)|     (133.444,154.7)|             204.302|
|                 345|   (6.07706,7.08916)|    (130.935,151.78)|             200.453|
|                 346|   (6.07547,7.08732)|   (128.464,148.905)|             196.662|
|                 347|   (6.07391,7.08551)|   (126.031,146.075)|             192.929|
|                 348|   (6.07239,7.08374)|   (123.635,143.288)|             189.254|
|                 349|   (6.07089,7.08201)|   (121.277,140.546)|             185.637|
|                 350|    (6.06942,7.0803)|   (118.956,137.846)|             182.077|
|                 351|   (6.06798,7.07863)|    (116.671,135.19)|             178.574|
|                 352|     (6.06656,7.077)|   (114.423,132.577)|             175.127|
|                 353|   (6.06518,7.07539)|   (112.212,130.006)|             171.735|
|                 354|   (6.06382,7.07381)|   (110.036,127.477)|             168.399|
|                 355|   (6.06248,7.07227)|    (107.896,124.99)|             165.118|
|                 356|   (6.06118,7.07075)|   (105.791,122.544)|             161.891|
|                 357|   (6.05989,7.06927)|   (103.721,120.139)|             158.718|
|                 358|   (6.05864,7.06781)|   (101.685,117.774)|             155.598|
|                 359|   (6.05741,7.06639)|    (99.6843,115.45)|             152.531|
|                 360|    (6.0562,7.06499)|   (97.7171,113.165)|             149.516|
|                 361|   (6.05501,7.06362)|   (95.7835,110.919)|             146.552|
|                 362|   (6.05385,7.06227)|   (93.8831,108.712)|              143.64|
|                 363|   (6.05272,7.06096)|   (92.0155,106.544)|             140.778|
|                 364|    (6.0516,7.05967)|   (90.1803,104.413)|             137.966|
|                 365|    (6.05051,7.0584)|    (88.3772,102.32)|             135.203|
|                 366|   (6.04944,7.05716)|   (86.6058,100.264)|             132.489|
|                 367|   (6.04839,7.05595)|   (84.8658,98.2439)|             129.823|
|                 368|   (6.04736,7.05475)|   (83.1566,96.2604)|             127.205|
|                 369|   (6.04635,7.05359)|    (81.478,94.3126)|             124.634|
|                 370|   (6.04537,7.05245)|   (79.8296,92.3999)|             122.109|
|                 371|    (6.0444,7.05133)|    (78.211,90.5219)|             119.629|
|                 372|   (6.04345,7.05023)|   (76.6217,88.6782)|             117.195|
|                 373|   (6.04252,7.04916)|   (75.0614,86.8683)|             114.806|
|                 374|    (6.04161,7.0481)|   (73.5297,85.0917)|              112.46|
|                 375|   (6.04072,7.04707)|    (72.0262,83.348)|             110.157|
|                 376|   (6.03985,7.04606)|   (70.5505,81.6367)|             107.898|
|                 377|   (6.03899,7.04507)|   (69.1022,79.9573)|              105.68|
|                 378|    (6.03816,7.0441)|    (67.681,78.3094)|             103.504|
|                 379|   (6.03734,7.04315)|   (66.2863,76.6925)|             101.369|
|                 380|   (6.03653,7.04223)|   (64.9179,75.1061)|             99.2737|
|                 381|   (6.03575,7.04132)|   (63.5754,73.5498)|             97.2183|
|                 382|   (6.03498,7.04042)|   (62.2583,72.0232)|             95.2021|
|                 383|   (6.03422,7.03955)|   (60.9663,70.5257)|             93.2242|
|                 384|    (6.03348,7.0387)|    (59.6989,69.057)|             91.2843|
|                 385|   (6.03276,7.03786)|   (58.4559,67.6165)|             89.3816|
|                 386|   (6.03205,7.03704)|   (57.2368,66.2038)|             87.5157|
|                 387|   (6.03136,7.03624)|   (56.0412,64.8186)|             85.6858|
|                 388|   (6.03068,7.03545)|   (54.8688,63.4603)|             83.8915|
|                 389|   (6.03001,7.03468)|   (53.7192,62.1284)|             82.1321|
|                 390|   (6.02936,7.03393)|    (52.592,60.8227)|             80.4072|
|                 391|   (6.02873,7.03319)|   (51.4868,59.5426)|              78.716|
|                 392|    (6.0281,7.03247)|   (50.4034,58.2877)|             77.0581|
|                 393|   (6.02749,7.03177)|   (49.3413,57.0575)|             75.4329|
|                 394|   (6.02689,7.03108)|   (48.3001,55.8518)|             73.8398|
|                 395|    (6.02631,7.0304)|     (47.2796,54.67)|             72.2784|
|                 396|   (6.02574,7.02974)|   (46.2793,53.5117)|              70.748|
|                 397|   (6.02518,7.02909)|    (45.299,52.3766)|             69.2481|
|                 398|   (6.02463,7.02845)|   (44.3382,51.2642)|             67.7783|
|                 399|   (6.02409,7.02783)|   (43.3967,50.1741)|             66.3379|
|                 400|   (6.02356,7.02722)|    (42.4741,49.106)|             64.9264|
|                 401|   (6.02305,7.02663)|     (41.57,48.0594)|             63.5434|
|                 402|   (6.02254,7.02605)|    (40.6842,47.034)|             62.1884|
|                 403|   (6.02205,7.02548)|   (39.8162,46.0293)|             60.8608|
|                 404|   (6.02157,7.02492)|   (38.9659,45.0451)|             59.5601|
|                 405|    (6.0211,7.02437)|    (38.1328,44.081)|             58.2859|
|                 406|   (6.02064,7.02384)|   (37.3167,43.1365)|             57.0376|
|                 407|   (6.02018,7.02332)|   (36.5173,42.2113)|             55.8149|
|                 408|   (6.01974,7.02281)|   (35.7342,41.3051)|             54.6172|
|                 409|   (6.01931,7.02231)|   (34.9671,40.4174)|             53.4441|
|                 410|   (6.01888,7.02182)|   (34.2158,39.5481)|             52.2951|
|                 411|   (6.01847,7.02134)|   (33.4799,38.6967)|             51.1697|
|                 412|   (6.01806,7.02087)|   (32.7592,37.8628)|             50.0676|
|                 413|   (6.01767,7.02041)|   (32.0534,37.0463)|             48.9882|
|                 414|   (6.01728,7.01996)|   (31.3622,36.2466)|             47.9313|
|                 415|    (6.0169,7.01952)|   (30.6854,35.4636)|             46.8962|
|                 416|   (6.01653,7.01909)|   (30.0225,34.6968)|             45.8827|
|                 417|   (6.01616,7.01867)|    (29.3735,33.946)|             44.8903|
|                 418|   (6.01581,7.01826)|    (28.738,33.2109)|             43.9185|
|                 419|   (6.01546,7.01786)|   (28.1157,32.4912)|             42.9671|
|                 420|   (6.01512,7.01746)|   (27.5065,31.7865)|             42.0356|
|                 421|   (6.01478,7.01708)|     (26.91,31.0966)|             41.1236|
|                 422|    (6.01446,7.0167)|    (26.326,30.4212)|             40.2307|
|                 423|   (6.01414,7.01633)|     (25.7543,29.76)|             39.3566|
|                 424|   (6.01383,7.01597)|   (25.1946,29.1128)|             38.5009|
|                 425|   (6.01352,7.01562)|   (24.6467,28.4792)|             37.6633|
|                 426|   (6.01322,7.01527)|   (24.1103,27.8589)|             36.8433|
|                 427|   (6.01293,7.01494)|   (23.5853,27.2518)|             36.0406|
|                 428|   (6.01265,7.01461)|   (23.0714,26.6576)|              35.255|
|                 429|   (6.01237,7.01428)|   (22.5683,26.0759)|              34.486|
|                 430|   (6.01209,7.01397)|   (22.0759,25.5067)|             33.7333|
|                 431|   (6.01183,7.01366)|    (21.594,24.9495)|             32.9966|
|                 432|   (6.01156,7.01336)|   (21.1223,24.4041)|             32.2756|
|                 433|   (6.01131,7.01306)|   (20.6607,23.8704)|             31.5699|
|                 434|   (6.01106,7.01277)|   (20.2089,23.3481)|             30.8793|
|                 435|   (6.01081,7.01249)|   (19.7667,22.8369)|             30.2034|
|                 436|   (6.01057,7.01221)|    (19.334,22.3367)|              29.542|
|                 437|   (6.01034,7.01194)|   (18.9105,21.8471)|             28.8947|
|                 438|   (6.01011,7.01168)|   (18.4961,21.3681)|             28.2613|
|                 439|   (6.00989,7.01142)|   (18.0906,20.8993)|             27.6415|
|                 440|   (6.00967,7.01116)|   (17.6937,20.4406)|             27.0349|
|                 441|   (6.00945,7.01092)|   (17.3054,19.9918)|             26.4414|
|                 442|   (6.00924,7.01067)|   (16.9254,19.5526)|             25.8607|
|                 443|   (6.00904,7.01044)|   (16.5536,19.1228)|             25.2924|
|                 444|   (6.00884,7.01021)|   (16.1898,18.7024)|             24.7364|
|                 445|   (6.00864,7.00998)|    (15.8339,18.291)|             24.1924|
|                 446|   (6.00845,7.00976)|   (15.4856,17.8884)|             23.6601|
|                 447|   (6.00826,7.00954)|   (15.1448,17.4946)|             23.1393|
|                 448|   (6.00808,7.00933)|   (14.8114,17.1093)|             22.6297|
|                 449|    (6.0079,7.00912)|   (14.4852,16.7323)|             22.1312|
|                 450|   (6.00772,7.00892)|   (14.1661,16.3635)|             21.6435|
|                 451|   (6.00755,7.00872)|   (13.8538,16.0027)|             21.1664|
|                 452|   (6.00738,7.00853)|   (13.5484,15.6497)|             20.6995|
|                 453|   (6.00722,7.00834)|   (13.2495,15.3044)|             20.2429|
|                 454|   (6.00706,7.00815)|   (12.9572,14.9665)|             19.7961|
|                 455|    (6.0069,7.00797)|   (12.6712,14.6361)|             19.3591|
|                 456|   (6.00675,7.00779)|   (12.3914,14.3128)|             18.9315|
|                 457|    (6.0066,7.00762)|   (12.1177,13.9965)|             18.5133|
|                 458|   (6.00645,7.00745)|     (11.85,13.6871)|             18.1041|
|                 459|   (6.00631,7.00728)|   (11.5881,13.3845)|             17.7039|
|                 460|   (6.00617,7.00712)|   (11.3319,13.0885)|             17.3124|
|                 461|   (6.00603,7.00696)|   (11.0813,12.7989)|             16.9295|
|                 462|    (6.0059,7.00681)|   (10.8361,12.5157)|             16.5549|
|                 463|   (6.00576,7.00666)|   (10.5963,12.2386)|             16.1885|
|                 464|   (6.00564,7.00651)|   (10.3618,11.9677)|             15.8301|
|                 465|   (6.00551,7.00636)|   (10.1324,11.7026)|             15.4795|
|                 466|   (6.00539,7.00622)|   (9.90795,11.4433)|             15.1366|
|                 467|   (6.00527,7.00608)|   (9.68845,11.1897)|             14.8012|
|                 468|   (6.00515,7.00595)|   (9.47376,10.9417)|             14.4732|
|                 469|   (6.00504,7.00581)|   (9.26378,10.6991)|             14.1523|
|                 470|   (6.00492,7.00569)|   (9.05839,10.4618)|             13.8385|
|                 471|   (6.00481,7.00556)|   (8.85752,10.2298)|             13.5316|
|                 472|   (6.00471,7.00543)|   (8.66104,10.0028)|             13.2314|
|                 473|    (6.0046,7.00531)|   (8.46889,9.78082)|             12.9378|
|                 474|    (6.0045,7.00519)|   (8.28095,9.56371)|             12.6506|
|                 475|    (6.0044,7.00508)|   (8.09714,9.35138)|             12.3698|
|                 476|    (6.0043,7.00497)|   (7.91737,9.14371)|             12.0951|
|                 477|    (6.0042,7.00485)|   (7.74156,8.94062)|             11.8265|
|                 478|   (6.00411,7.00475)|   (7.56961,8.74199)|             11.5638|
|                 479|   (6.00402,7.00464)|   (7.40145,8.54774)|             11.3069|
|                 480|   (6.00393,7.00454)|   (7.23699,8.35777)|             11.0556|
|                 481|   (6.00384,7.00444)|   (7.07616,8.17198)|             10.8099|
|                 482|   (6.00376,7.00434)|   (6.91886,7.99029)|             10.5696|
|                 483|   (6.00367,7.00424)|   (6.76504,7.81261)|             10.3345|
|                 484|   (6.00359,7.00415)|   (6.61461,7.63885)|             10.1047|
|                 485|   (6.00351,7.00405)|   (6.46749,7.46892)|             9.87994|
|                 486|   (6.00343,7.00396)|   (6.32363,7.30274)|             9.66014|
|                 487|   (6.00335,7.00387)|   (6.18294,7.14024)|              9.4452|
|                 488|   (6.00328,7.00379)|   (6.04535,6.98132)|               9.235|
|                 489|    (6.00321,7.0037)|   (5.91081,6.82592)|             9.02944|
|                 490|   (6.00313,7.00362)|   (5.77924,6.67395)|             8.82843|
|                 491|   (6.00306,7.00354)|   (5.65058,6.52535)|             8.63187|
|                 492|     (6.003,7.00346)|   (5.52476,6.38003)|             8.43965|
|                 493|   (6.00293,7.00338)|   (5.40173,6.23792)|             8.25169|
|                 494|   (6.00286,7.00331)|   (5.28142,6.09896)|             8.06788|
|                 495|    (6.0028,7.00323)|   (5.16377,5.96308)|             7.88814|
|                 496|   (6.00274,7.00316)|   (5.04872,5.83021)|             7.71239|
|                 497|   (6.00268,7.00309)|   (4.93623,5.70028)|             7.54053|
|                 498|   (6.00262,7.00302)|   (4.82622,5.57323)|             7.37247|
|                 499|   (6.00256,7.00295)|   (4.71866,5.44899)|             7.20814|
|                 500|    (6.0025,7.00289)|   (4.61347,5.32751)|             7.04745|
|                 501|   (6.00244,7.00282)|   (4.51062,5.20873)|             6.89032|
|                 502|   (6.00239,7.00276)|   (4.41005,5.09258)|             6.73668|
|                 503|    (6.00234,7.0027)|     (4.31171,4.979)|             6.58645|
|                 504|   (6.00228,7.00264)|   (4.21556,4.86795)|             6.43955|
|                 505|   (6.00223,7.00258)|   (4.12153,4.75936)|             6.29591|
|                 506|   (6.00218,7.00252)|   (4.02959,4.65318)|             6.15546|
|                 507|   (6.00213,7.00246)|    (3.9397,4.54936)|             6.01813|
|                 508|   (6.00209,7.00241)|    (3.8518,4.44784)|             5.88385|
|                 509|   (6.00204,7.00236)|   (3.76585,4.34858)|             5.75255|
|                 510|    (6.00199,7.0023)|   (3.68181,4.25153)|             5.62416|
|                 511|   (6.00195,7.00225)|   (3.59964,4.15663)|             5.49863|
|                 512|    (6.00191,7.0022)|   (3.51929,4.06384)|              5.3759|
|                 513|   (6.00186,7.00215)|   (3.44073,3.97312)|             5.25588|
|                 514|    (6.00182,7.0021)|   (3.36392,3.88441)|             5.13854|
|                 515|   (6.00178,7.00206)|   (3.28882,3.79768)|             5.02381|
|                 516|   (6.00174,7.00201)|   (3.21538,3.71287)|             4.91163|
|                 517|    (6.0017,7.00197)|   (3.14358,3.62995)|             4.80194|
|                 518|   (6.00166,7.00192)|   (3.07338,3.54888)|              4.6947|
|                 519|   (6.00163,7.00188)|   (3.00473,3.46961)|             4.58984|
|                 520|   (6.00159,7.00184)|    (2.93762,3.3921)|             4.48731|
|                 521|    (6.00156,7.0018)|     (2.872,3.31632)|             4.38707|
|                 522|   (6.00152,7.00176)|   (2.80784,3.24223)|             4.28906|
|                 523|   (6.00149,7.00172)|   (2.74511,3.16979)|             4.19323|
|                 524|   (6.00145,7.00168)|   (2.68378,3.09896)|             4.09954|
|                 525|   (6.00142,7.00164)|   (2.62381,3.02971)|             4.00793|
|                 526|    (6.00139,7.0016)|     (2.56518,2.962)|             3.91836|
|                 527|   (6.00136,7.00157)|    (2.50785,2.8958)|             3.83079|
|                 528|   (6.00133,7.00153)|    (2.4518,2.83108)|             3.74517|
|                 529|     (6.0013,7.0015)|      (2.397,2.7678)|             3.66146|
|                 530|   (6.00127,7.00146)|   (2.34342,2.70593)|             3.57962|
|                 531|   (6.00124,7.00143)|   (2.29104,2.64543)|              3.4996|
|                 532|    (6.00121,7.0014)|   (2.23982,2.58629)|             3.42136|
|                 533|   (6.00119,7.00137)|   (2.18975,2.52847)|             3.34487|
|                 534|   (6.00116,7.00134)|   (2.14079,2.47193)|             3.27008|
|                 535|   (6.00113,7.00131)|   (2.09292,2.41666)|             3.19696|
|                 536|   (6.00111,7.00128)|   (2.04613,2.36262)|             3.12548|
|                 537|   (6.00108,7.00125)|   (2.00037,2.30978)|             3.05558|
|                 538|   (6.00106,7.00122)|   (1.95564,2.25813)|             2.98725|
|                 539|   (6.00103,7.00119)|    (1.9119,2.20762)|             2.92044|
|                 540|   (6.00101,7.00117)|   (1.86914,2.15825)|             2.85512|
|                 541|   (6.00099,7.00114)|   (1.82734,2.10997)|             2.79126|
|                 542|   (6.00097,7.00112)|   (1.78646,2.06278)|             2.72883|
|                 543|   (6.00095,7.00109)|    (1.7465,2.01663)|             2.66779|
|                 544|   (6.00092,7.00107)|   (1.70744,1.97152)|             2.60811|
|                 545|    (6.0009,7.00104)|   (1.66924,1.92741)|             2.54976|
|                 546|   (6.00088,7.00102)|    (1.6319,1.88429)|             2.49272|
|                 547|     (6.00086,7.001)|   (1.59539,1.84213)|             2.43695|
|                 548|   (6.00084,7.00097)|   (1.55969,1.80092)|             2.38242|
|                 549|   (6.00082,7.00095)|    (1.5248,1.76062)|             2.32912|
|                 550|   (6.00081,7.00093)|   (1.49068,1.72123)|               2.277|
|                 551|   (6.00079,7.00091)|   (1.45732,1.68271)|             2.22605|
|                 552|   (6.00077,7.00089)|   (1.42471,1.64505)|             2.17624|
|                 553|   (6.00075,7.00087)|   (1.39283,1.60824)|             2.12754|
|                 554|   (6.00074,7.00085)|   (1.36166,1.57225)|             2.07992|
|                 555|   (6.00072,7.00083)|   (1.33119,1.53706)|             2.03337|
|                 556|    (6.0007,7.00081)|   (1.30139,1.50266)|             1.98787|
|                 557|   (6.00069,7.00079)|   (1.27227,1.46903)|             1.94337|
|                 558|   (6.00067,7.00078)|   (1.24379,1.43614)|             1.89988|
|                 559|   (6.00066,7.00076)|     (1.21595,1.404)|             1.85735|
|                 560|   (6.00064,7.00074)|   (1.18874,1.37257)|             1.81578|
|                 561|   (6.00063,7.00073)|   (1.16213,1.34185)|             1.77513|
|                 562|   (6.00061,7.00071)|   (1.13611,1.31181)|             1.73539|
|                 563|    (6.0006,7.00069)|   (1.11068,1.28244)|             1.69655|
|                 564|   (6.00059,7.00068)|   (1.08582,1.25373)|             1.65857|
|                 565|   (6.00057,7.00066)|   (1.06151,1.22566)|             1.62143|
|                 566|   (6.00056,7.00065)|   (1.03774,1.19822)|             1.58513|
|                 567|   (6.00055,7.00063)|    (1.01451,1.1714)|             1.54965|
|                 568|   (6.00054,7.00062)|  (0.991797,1.14517)|             1.51495|
|                 569|   (6.00052,7.00061)|  (0.969591,1.11953)|             1.48103|
|                 570|   (6.00051,7.00059)|  (0.947882,1.09446)|             1.44787|
|                 571|    (6.0005,7.00058)|  (0.926659,1.06996)|             1.41545|
|                 572|   (6.00049,7.00057)|     (0.90591,1.046)|             1.38376|
|                 573|   (6.00048,7.00055)|  (0.885625,1.02258)|             1.35277|
|                 574|   (6.00047,7.00054)| (0.865794,0.999677)|             1.32248|
|                 575|   (6.00046,7.00053)| (0.846407,0.977291)|             1.29287|
|                 576|   (6.00045,7.00052)| (0.827453,0.955406)|             1.26391|
|                 577|   (6.00044,7.00051)|  (0.808923,0.93401)|             1.23561|
|                 578|   (6.00043,7.00049)| (0.790808,0.913093)|             1.20794|
|                 579|   (6.00042,7.00048)| (0.773098,0.892644)|             1.18089|
|                 580|   (6.00041,7.00047)| (0.755784,0.872653)|             1.15444|
|                 581|    (6.0004,7.00046)| (0.738858,0.853109)|             1.12859|
|                 582|   (6.00039,7.00045)| (0.722311,0.834002)|             1.10331|
|                 583|   (6.00038,7.00044)| (0.706134,0.815323)|              1.0786|
|                 584|   (6.00037,7.00043)| (0.690318,0.797062)|             1.05444|
|                 585|   (6.00036,7.00042)|  (0.674857,0.77921)|             1.03082|
|                 586|   (6.00036,7.00041)| (0.659742,0.761757)|             1.00774|
|                 587|    (6.00035,7.0004)| (0.644965,0.744695)|            0.985165|
|                 588|   (6.00034,7.00039)| (0.630519,0.728014)|            0.963098|
|                 589|   (6.00033,7.00038)| (0.616396,0.711707)|            0.941526|
|                 590|   (6.00033,7.00038)| (0.602589,0.695765)|            0.920436|
|                 591|   (6.00032,7.00037)|  (0.589091,0.68018)|            0.899818|
|                 592|   (6.00031,7.00036)| (0.575895,0.664944)|            0.879662|
|                 593|    (6.0003,7.00035)| (0.562995,0.650048)|            0.859957|
|                 594|    (6.0003,7.00034)| (0.550384,0.635487)|            0.840694|
|                 595|   (6.00029,7.00034)| (0.538055,0.621251)|            0.821861|
|                 596|   (6.00028,7.00033)| (0.526001,0.607334)|             0.80345|
|                 597|   (6.00028,7.00032)| (0.514218,0.593728)|            0.785451|
|                 598|   (6.00027,7.00031)| (0.502699,0.580427)|            0.767855|
|                 599|   (6.00027,7.00031)| (0.491437,0.567424)|            0.750654|
|                 600|    (6.00026,7.0003)| (0.480428,0.554712)|            0.733837|
|                 601|   (6.00025,7.00029)| (0.469665,0.542285)|            0.717397|
|                 602|   (6.00025,7.00029)| (0.459143,0.530136)|            0.701325|
|                 603|   (6.00024,7.00028)| (0.448856,0.518259)|            0.685613|
|                 604|   (6.00024,7.00027)|   (0.4388,0.506648)|            0.670252|
|                 605|   (6.00023,7.00027)|  (0.42897,0.495297)|            0.655236|
|                 606|   (6.00023,7.00026)|   (0.419359,0.4842)|            0.640556|
|                 607|   (6.00022,7.00026)| (0.409963,0.473352)|            0.626204|
|                 608|   (6.00022,7.00025)| (0.400778,0.462746)|            0.612174|
|                 609|   (6.00021,7.00024)| (0.391799,0.452378)|            0.598458|
|                 610|   (6.00021,7.00024)|  (0.38302,0.442243)|             0.58505|
|                 611|    (6.0002,7.00023)| (0.374439,0.432334)|            0.571941|
|                 612|    (6.0002,7.00023)| (0.366049,0.422647)|            0.559126|
|                 613|   (6.00019,7.00022)| (0.357848,0.413177)|            0.546599|
|                 614|   (6.00019,7.00022)|  (0.34983,0.403919)|            0.534351|
|                 615|   (6.00018,7.00021)| (0.341991,0.394869)|            0.522379|
|                 616|   (6.00018,7.00021)| (0.334328,0.386021)|            0.510674|
|                 617|    (6.00018,7.0002)| (0.326837,0.377372)|            0.499231|
|                 618|    (6.00017,7.0002)| (0.319514,0.368916)|            0.488045|
|                 619|   (6.00017,7.00019)| (0.312354,0.360649)|            0.477109|
|                 620|   (6.00017,7.00019)| (0.305355,0.352568)|            0.466418|
|                 621|   (6.00016,7.00019)| (0.298513,0.344668)|            0.455967|
|                 622|   (6.00016,7.00018)| (0.291824,0.336945)|             0.44575|
|                 623|   (6.00015,7.00018)| (0.285285,0.329394)|            0.435762|
|                 624|   (6.00015,7.00017)| (0.278892,0.322013)|            0.425997|
|                 625|   (6.00015,7.00017)| (0.272643,0.314797)|            0.416451|
|                 626|   (6.00014,7.00017)| (0.266533,0.307743)|            0.407119|
|                 627|   (6.00014,7.00016)| (0.260561,0.300847)|            0.397996|
|                 628|   (6.00014,7.00016)| (0.254722,0.294106)|            0.389078|
|                 629|   (6.00013,7.00016)| (0.249014,0.287515)|            0.380359|
|                 630|   (6.00013,7.00015)| (0.243434,0.281072)|            0.371835|
|                 631|   (6.00013,7.00015)| (0.237979,0.274773)|            0.363503|
|                 632|   (6.00013,7.00015)| (0.232646,0.268616)|            0.355357|
|                 633|   (6.00012,7.00014)| (0.227432,0.262596)|            0.347394|
|                 634|   (6.00012,7.00014)| (0.222336,0.256712)|            0.339609|
|                 635|   (6.00012,7.00014)| (0.217353,0.250959)|            0.331998|
|                 636|   (6.00011,7.00013)| (0.212482,0.245335)|            0.324558|
|                 637|   (6.00011,7.00013)| (0.207721,0.239837)|            0.317285|
|                 638|   (6.00011,7.00013)| (0.203066,0.234462)|            0.310174|
|                 639|   (6.00011,7.00012)| (0.198515,0.229208)|            0.303223|
|                 640|    (6.0001,7.00012)| (0.194066,0.224071)|            0.296428|
|                 641|    (6.0001,7.00012)| (0.189717,0.219049)|            0.289785|
|                 642|    (6.0001,7.00012)|  (0.185465,0.21414)|             0.28329|
|                 643|    (6.0001,7.00011)| (0.181309,0.209341)|            0.276942|
|                 644|    (6.0001,7.00011)|  (0.177246,0.20465)|            0.270735|
|                 645|   (6.00009,7.00011)| (0.173273,0.200063)|            0.264668|
|                 646|   (6.00009,7.00011)|   (0.16939,0.19558)|            0.258736|
|                 647|    (6.00009,7.0001)| (0.165594,0.191197)|            0.252938|
|                 648|    (6.00009,7.0001)| (0.161883,0.186912)|            0.247269|
|                 649|    (6.00009,7.0001)| (0.158255,0.182723)|            0.241727|
|                 650|    (6.00008,7.0001)| (0.154708,0.178628)|             0.23631|
|                 651|   (6.00008,7.00009)| (0.151241,0.174624)|            0.231014|
|                 652|   (6.00008,7.00009)| (0.147851,0.170711)|            0.225837|
|                 653|   (6.00008,7.00009)| (0.144538,0.166885)|            0.220775|
|                 654|   (6.00008,7.00009)| (0.141298,0.163145)|            0.215827|
|                 655|   (6.00007,7.00009)| (0.138132,0.159488)|             0.21099|
|                 656|   (6.00007,7.00008)| (0.135036,0.155914)|            0.206261|
|                 657|   (6.00007,7.00008)| (0.132009,0.152419)|            0.201639|
|                 658|   (6.00007,7.00008)| (0.129051,0.149003)|             0.19712|
|                 659|   (6.00007,7.00008)| (0.126159,0.145664)|            0.192702|
|                 660|   (6.00007,7.00008)| (0.123331,0.142399)|            0.188383|
|                 661|   (6.00007,7.00008)| (0.120567,0.139208)|            0.184161|
|                 662|   (6.00006,7.00007)| (0.117865,0.136088)|            0.180033|
|                 663|   (6.00006,7.00007)| (0.115223,0.133038)|            0.175998|
|                 664|   (6.00006,7.00007)| (0.112641,0.130056)|            0.172054|
|                 665|   (6.00006,7.00007)| (0.110116,0.127141)|            0.168198|
|                 666|   (6.00006,7.00007)| (0.107648,0.124291)|            0.164428|
|                 667|   (6.00006,7.00007)| (0.105235,0.121506)|            0.160742|
|                 668|   (6.00006,7.00006)| (0.102877,0.118782)|             0.15714|
|                 669|   (6.00005,7.00006)|  (0.100571,0.11612)|            0.153618|
|                 670|   (6.00005,7.00006)| (0.098317,0.113518)|            0.150175|
|                 671|   (6.00005,7.00006)|(0.0961134,0.110973)|            0.146809|
|                 672|   (6.00005,7.00006)|(0.0939592,0.108486)|            0.143519|
|                 673|   (6.00005,7.00006)|(0.0918533,0.106055)|            0.140302|
|                 674|   (6.00005,7.00006)|(0.0897946,0.103678)|            0.137157|
|                 675|   (6.00005,7.00005)| (0.087782,0.101354)|            0.134083|
|                 676|   (6.00005,7.00005)|(0.0858145,0.0990821)|            0.131078|
|                 677|   (6.00005,7.00005)|(0.0838911,0.0968614)|             0.12814|
|                 678|   (6.00004,7.00005)|(0.0820109,0.0946904)|            0.125268|
|                 679|   (6.00004,7.00005)|(0.0801727,0.092568)|             0.12246|
|                 680|   (6.00004,7.00005)|(0.0783758,0.0904933)|            0.119715|
|                 681|   (6.00004,7.00005)|(0.0766191,0.088465)|            0.117032|
|                 682|   (6.00004,7.00005)|(0.0749018,0.0864822)|            0.114409|
|                 683|   (6.00004,7.00005)|(0.073223,0.0845438)|            0.111845|
|                 684|   (6.00004,7.00004)|(0.0715818,0.0826489)|            0.109338|
|                 685|   (6.00004,7.00004)|(0.0699774,0.0807964)|            0.106887|
|                 686|   (6.00004,7.00004)|(0.0684089,0.0789855)|            0.104492|
|                 687|   (6.00004,7.00004)|(0.0668756,0.0772151)|             0.10215|
|                 688|   (6.00004,7.00004)|(0.0653767,0.0754844)|             0.09986|
|                 689|   (6.00003,7.00004)|(0.0639114,0.0737925)|           0.0976217|
|                 690|   (6.00003,7.00004)|(0.0624789,0.0721385)|           0.0954336|
|                 691|   (6.00003,7.00004)|(0.0610785,0.0705216)|           0.0932946|
|                 692|   (6.00003,7.00004)|(0.0597095,0.068941)|           0.0912035|
|                 693|   (6.00003,7.00004)|(0.0583711,0.0673957)|           0.0891593|
|                 694|   (6.00003,7.00004)|(0.0570628,0.0658851)|           0.0871608|
|                 695|   (6.00003,7.00003)|(0.0557838,0.0644084)|           0.0852072|
|                 696|   (6.00003,7.00003)|(0.0545335,0.0629647)|           0.0832974|
|                 697|   (6.00003,7.00003)|(0.0533111,0.0615534)|           0.0814303|
|                 698|   (6.00003,7.00003)|(0.0521162,0.0601737)|           0.0796051|
|                 699|   (6.00003,7.00003)|(0.0509481,0.058825)|           0.0778209|
|                 700|   (6.00003,7.00003)|(0.0498061,0.0575065)|           0.0760766|
|                 701|   (6.00003,7.00003)|(0.0486898,0.0562175)|           0.0743714|
|                 702|   (6.00003,7.00003)|(0.0475984,0.0549574)|           0.0727044|
|                 703|   (6.00003,7.00003)|(0.0465315,0.0537256)|           0.0710748|
|                 704|   (6.00002,7.00003)|(0.0454886,0.0525214)|           0.0694817|
|                 705|   (6.00002,7.00003)|(0.044469,0.0513441)|           0.0679243|
|                 706|   (6.00002,7.00003)|(0.0434722,0.0501933)|           0.0664018|
|                 707|   (6.00002,7.00003)|(0.0424978,0.0490682)|           0.0649135|
|                 708|   (6.00002,7.00003)|(0.0415452,0.0479684)|           0.0634585|
|                 709|   (6.00002,7.00003)|(0.040614,0.0468932)|           0.0620361|
|                 710|   (6.00002,7.00002)|(0.0397037,0.0458421)|           0.0606456|
|                 711|   (6.00002,7.00002)|(0.0388138,0.0448146)|           0.0592862|
|                 712|   (6.00002,7.00002)|(0.0379438,0.0438101)|           0.0579573|
|                 713|   (6.00002,7.00002)|(0.0370933,0.0428281)|           0.0566583|
|                 714|   (6.00002,7.00002)|(0.0362618,0.0418681)|           0.0553883|
|                 715|   (6.00002,7.00002)|(0.0354491,0.0409297)|           0.0541468|
|                 716|   (6.00002,7.00002)|(0.0346545,0.0400123)|           0.0529331|
|                 717|   (6.00002,7.00002)|(0.0338777,0.0391154)|           0.0517466|
|                 718|   (6.00002,7.00002)|(0.0331184,0.0382386)|           0.0505867|
|                 719|   (6.00002,7.00002)|(0.032376,0.0373815)|           0.0494529|
|                 720|   (6.00002,7.00002)|(0.0316503,0.0365436)|           0.0483444|
|                 721|   (6.00002,7.00002)|(0.0309409,0.0357245)|           0.0472608|
|                 722|   (6.00002,7.00002)|(0.0302474,0.0349238)|           0.0462014|
|                 723|   (6.00002,7.00002)|(0.0295694,0.034141)|           0.0451658|
|                 724|   (6.00002,7.00002)|(0.0289066,0.0333757)|           0.0441535|
|                 725|   (6.00002,7.00002)|(0.0282586,0.0326276)|           0.0431638|
|                 726|   (6.00001,7.00002)|(0.0276252,0.0318962)|           0.0421963|
|                 727|   (6.00001,7.00002)|(0.027006,0.0311813)|           0.0412504|
|                 728|   (6.00001,7.00002)|(0.0264007,0.0304824)|           0.0403258|
|                 729|   (6.00001,7.00002)|(0.0258089,0.0297991)|           0.0394219|
|                 730|   (6.00001,7.00002)|(0.0252304,0.0291312)|           0.0385383|
|                 731|   (6.00001,7.00002)|(0.0246649,0.0284782)|           0.0376744|
|                 732|   (6.00001,7.00002)|(0.024112,0.0278399)|             0.03683|
|                 733|   (6.00001,7.00001)|(0.0235715,0.0272158)|           0.0360044|
|                 734|   (6.00001,7.00001)|(0.0230432,0.0266058)|           0.0351974|
|                 735|   (6.00001,7.00001)|(0.0225267,0.0260094)|           0.0344085|
|                 736|   (6.00001,7.00001)|(0.0220217,0.0254264)|           0.0336372|
|                 737|   (6.00001,7.00001)|(0.0215281,0.0248565)|           0.0328832|
|                 738|   (6.00001,7.00001)|(0.0210456,0.0242993)|           0.0321461|
|                 739|   (6.00001,7.00001)|(0.0205738,0.0237547)|           0.0314256|
|                 740|   (6.00001,7.00001)|(0.0201127,0.0232222)|           0.0307212|
|                 741|   (6.00001,7.00001)|(0.0196619,0.0227017)|           0.0300326|
|                 742|   (6.00001,7.00001)|(0.0192211,0.0221928)|           0.0293594|
|                 743|   (6.00001,7.00001)|(0.0187903,0.0216954)|           0.0287013|
|                 744|   (6.00001,7.00001)|(0.0183691,0.0212091)|            0.028058|
|                 745|   (6.00001,7.00001)|(0.0179574,0.0207337)|            0.027429|
|                 746|   (6.00001,7.00001)|(0.0175548,0.0202689)|           0.0268142|
|                 747|   (6.00001,7.00001)|(0.0171614,0.0198146)|           0.0262132|
|                 748|   (6.00001,7.00001)|(0.0167767,0.0193704)|           0.0256256|
|                 749|   (6.00001,7.00001)|(0.0164006,0.0189363)|           0.0250512|
|                 750|   (6.00001,7.00001)|(0.016033,0.0185118)|           0.0244897|
|                 751|   (6.00001,7.00001)|(0.0156736,0.0180969)|           0.0239407|
|                 752|   (6.00001,7.00001)|(0.0153223,0.0176912)|           0.0234041|
|                 753|   (6.00001,7.00001)|(0.0149788,0.0172947)|           0.0228795|
|                 754|   (6.00001,7.00001)|(0.0146431,0.016907)|           0.0223666|
|                 755|   (6.00001,7.00001)|(0.0143149,0.016528)|           0.0218653|
|                 756|   (6.00001,7.00001)|(0.013994,0.0161575)|           0.0213752|
|                 757|   (6.00001,7.00001)|(0.0136803,0.0157954)|            0.020896|
|                 758|   (6.00001,7.00001)|(0.0133737,0.0154413)|           0.0204277|
|                 759|   (6.00001,7.00001)|(0.0130739,0.0150952)|           0.0199698|
|                 760|   (6.00001,7.00001)|(0.0127808,0.0147568)|           0.0195221|
|                 761|   (6.00001,7.00001)|(0.0124944,0.0144261)|           0.0190846|
|                 762|   (6.00001,7.00001)|(0.0122143,0.0141027)|           0.0186568|
|                 763|   (6.00001,7.00001)|(0.0119405,0.0137866)|           0.0182386|
|                 764|   (6.00001,7.00001)|(0.0116729,0.0134775)|           0.0178297|
|                 765|   (6.00001,7.00001)|(0.0114112,0.0131754)|           0.0174301|
|                 766|   (6.00001,7.00001)|(0.0111554,0.0128801)|           0.0170394|
|                 767|   (6.00001,7.00001)|(0.0109054,0.0125914)|           0.0166575|
|                 768|   (6.00001,7.00001)|(0.0106609,0.0123092)|           0.0162841|
|                 769|   (6.00001,7.00001)|(0.010422,0.0120333)|           0.0159191|
|                 770|   (6.00001,7.00001)|(0.0101884,0.0117635)|           0.0155622|
|                 771|   (6.00001,7.00001)|(0.00995998,0.0114998)|           0.0152134|
|                 772|   (6.00001,7.00001)|(0.00973672,0.0112421)|           0.0148724|
|                 773|   (6.00001,7.00001)|(0.00951847,0.0109901)|            0.014539|
|                 774|   (6.00001,7.00001)|(0.00930511,0.0107437)|           0.0142131|
|                 775|         (6,7.00001)|(0.00909653,0.0105029)|           0.0138945|
|                 776|         (6,7.00001)|(0.00889263,0.0102675)|           0.0135831|
|                 777|         (6,7.00001)|(0.0086933,0.0100373)|           0.0132786|
|                 778|         (6,7.00001)|(0.00849844,0.00981234)|            0.012981|
|                 779|         (6,7.00001)|(0.00830794,0.00959239)|             0.01269|
|                 780|         (6,7.00001)|(0.00812172,0.00937738)|           0.0124055|
|                 781|               (6,7)|(0.00793967,0.00916718)|           0.0121275|
|                 782|               (6,7)|(0.0077617,0.00896169)|           0.0118556|
|                 783|               (6,7)|(0.00758772,0.00876081)|           0.0115899|
|                 784|               (6,7)|(0.00741764,0.00856444)|           0.0113301|
|                 785|               (6,7)|(0.00725137,0.00837246)|           0.0110761|
|                 786|               (6,7)|(0.00708882,0.00818479)|           0.0108278|
|                 787|               (6,7)|(0.00692993,0.00800133)|           0.0105851|
|                 788|               (6,7)|(0.00677459,0.00782197)|           0.0103479|
|                 789|               (6,7)|(0.00662273,0.00764664)|           0.0101159|
|                 790|               (6,7)|(0.00647428,0.00747524)|          0.00988916|

Root at the point: (6,7) grad: (0.00647428,0.00747524)Func 0.000162577 

Func was called 1587 times 

GradWithConst(a=0.00178572)
|                   i|               (x,y)|           Grad(x,y)|      Abs(Grad(x,y))|
+--------------------+--------------------+--------------------+--------------------+
|                   0|               (6,7)| (-299.998,-319.999)|             438.632|
|                   1|   (6.53572,7.57143)| (-182.833,-223.791)|             288.981|
|                   2|    (6.8622,7.97106)| (-122.217,-177.088)|             215.168|
|                   3|   (7.08045,8.28729)|   (-83.507,-150.16)|             171.818|
|                   4|   (7.22957,8.55543)| (-55.6056,-133.396)|             144.522|
|                   5|   (7.32886,8.79364)| (-33.8105,-122.662)|             127.236|
|                   6|   (7.38924,9.01268)| (-15.8049,-115.843)|             116.916|
|                   7|   (7.41746,9.21954)|(-0.351474,-111.701)|             111.701|
|                   8|   (7.41809,9.41901)|  (13.2231,-109.409)|             110.205|
|                   9|   (7.39448,9.61438)|  (25.2571,-108.335)|              111.24|
|                  10|   (7.34937,9.80783)|  (35.8665,-107.932)|             113.735|
|                  11|   (7.28533,10.0006)|  (45.0094,-107.682)|              116.71|
|                  12|   (7.20495,10.1929)|  (52.5333,-107.079)|             119.272|
|                  13|   (7.11114,10.3841)|  (58.2237,-105.639)|             120.622|
|                  14|   (7.00717,10.5727)|   (61.8621,-102.94)|             120.098|
|                  15|   (6.89671,10.7565)|  (63.2938,-98.6757)|             117.231|
|                  16|   (6.78368,10.9327)|  (62.4945,-92.7206)|             111.815|
|                  17|   (6.67208,11.0983)|    (59.6184,-85.17)|             103.963|
|                  18|   (6.56562,11.2504)|  (55.0089,-76.3424)|             94.0964|
|                  19|   (6.46739,11.3867)|  (49.1591,-66.7286)|             82.8814|
|                  20|   (6.37961,11.5059)|   (42.634,-56.8988)|             71.0995|
|                  21|   (6.30348,11.6075)|  (35.9763,-47.3968)|             59.5042|
|                  22|   (6.23923,11.6921)|  (29.6295,-38.6533)|              48.703|
|                  23|   (6.18632,11.7612)|  (23.8964,-30.9426)|             39.0958|
|                  24|   (6.14365,11.8164)|  (18.9366,-24.3825)|             30.8723|
|                  25|   (6.10983,11.8599)|  (14.7913,-18.9645)|             24.0507|
|                  26|   (6.08342,11.8938)|  (11.4204,-14.5959)|             18.5328|
|                  27|   (6.06303,11.9199)|  (8.73744,-11.1403)|              14.158|
|                  28|   (6.04743,11.9398)|  (6.63735,-8.44758)|             10.7432|
|                  29|   (6.03557,11.9549)|  (5.01446,-6.37356)|             8.10969|
|                  30|   (6.02662,11.9662)|  (3.77255,-4.79028)|             6.09745|
|                  31|   (6.01988,11.9748)|  (2.82922,-3.58981)|             4.57069|
|                  32|   (6.01483,11.9812)|  (2.11669,-2.68425)|             3.41842|
|                  33|    (6.01105,11.986)|   (1.58077,-2.0038)|             2.55226|
|                  34|   (6.00823,11.9896)|  (1.17894,-1.49398)|             1.90312|
|                  35|   (6.00612,11.9922)| (0.878367,-1.11284)|             1.41772|
|                  36|   (6.00455,11.9942)|(0.653934,-0.828353)|             1.05537|
|                  37|   (6.00339,11.9957)|(0.486573,-0.616276)|            0.785207|
|                  38|   (6.00252,11.9968)|(0.361893,-0.458318)|            0.583971|
|                  39|   (6.00187,11.9976)|(0.269078,-0.340749)|            0.434181|
|                  40|   (6.00139,11.9982)|(0.200021,-0.253285)|             0.32274|
|                  41|   (6.00103,11.9987)|(0.148661,-0.188241)|            0.239864|
|                  42|    (6.00077,11.999)|(0.110475,-0.139884)|            0.178248|
|                  43|   (6.00057,11.9993)|(0.0820895,-0.10394)|            0.132447|
|                  44|   (6.00042,11.9995)|(0.0609933,-0.0772274)|           0.0984086|
|                  45|   (6.00031,11.9996)|(0.0453162,-0.057377)|           0.0731141|
|                  46|   (6.00023,11.9997)|(0.0336673,-0.0426273)|           0.0543192|
|                  47|   (6.00017,11.9998)|(0.0250121,-0.0316685)|           0.0403546|
|                  48|   (6.00013,11.9998)|(0.0185816,-0.0235265)|           0.0299795|
|                  49|    (6.0001,11.9999)|(0.0138041,-0.0174776)|           0.0222715|
|                  50|   (6.00007,11.9999)|(0.0102548,-0.0129838)|           0.0165451|
|                  51|   (6.00005,11.9999)|(0.00761806,-0.00964531)|           0.0122909|
|                  52|   (6.00004,11.9999)|(0.00565924,-0.00716522)|          0.00913057|

Root at the point: (6.00004,11.9999) grad: (0.00565924,-0.00716522)Func 0.00280999 

Func was called 111 times 

GradWithConst(a=0.1)
|                   i|               (x,y)|           Grad(x,y)|      Abs(Grad(x,y))|
+--------------------+--------------------+--------------------+--------------------+
|                   0|   (6.00004,11.9999)|  (-11.9998,11.9998)|             16.9703|
|                   1|      (7.20002,10.8)|  (-9.59987,9.59984)|             13.5762|
|                   2|   (8.16001,9.83998)|   (-7.6799,7.67987)|              10.861|
|                   3|       (8.928,9.072)|  (-6.14392,6.14389)|             8.68879|
|                   4|   (9.54239,8.45761)|  (-4.91513,4.91512)|             6.95104|
|                   5|    (10.0339,7.9661)|  (-3.93211,3.93209)|             5.56083|
|                   6|   (10.4271,7.57289)|  (-3.14569,3.14567)|             4.44866|
|                   7|   (10.7417,7.25832)|  (-2.51655,2.51654)|             3.55893|
|                   8|   (10.9933,7.00667)|  (-2.01324,2.01323)|             2.84714|
|                   9|   (11.1947,6.80534)|  (-1.61059,1.61059)|             2.27772|
|                  10|   (11.3557,6.64428)|  (-1.28847,1.28847)|             1.82217|
|                  11|   (11.4846,6.51544)|  (-1.03078,1.03077)|             1.45774|
|                  12|   (11.5876,6.41236)| (-0.824623,0.82462)|             1.16619|
|                  13|    (11.6701,6.3299)|(-0.659698,0.659696)|            0.932952|
|                  14|   (11.7361,6.26393)|(-0.527758,0.527757)|            0.746362|
|                  15|   (11.7889,6.21115)|(-0.422207,0.422205)|            0.597089|
|                  16|   (11.8311,6.16893)|(-0.337765,0.337764)|            0.477672|
|                  17|   (11.8649,6.13516)|(-0.270212,0.270211)|            0.382137|
|                  18|   (11.8919,6.10813)| (-0.21617,0.216169)|             0.30571|
|                  19|   (11.9135,6.08652)|(-0.172936,0.172935)|            0.244568|
|                  20|   (11.9308,6.06922)|(-0.138349,0.138348)|            0.195654|
|                  21|   (11.9446,6.05539)|(-0.110679,0.110679)|            0.156523|
|                  22|   (11.9557,6.04432)|(-0.0885432,0.0885428)|            0.125219|
|                  23|   (11.9645,6.03547)|(-0.0708345,0.0708343)|            0.100175|
|                  24|   (11.9716,6.02838)|(-0.0566676,0.0566674)|             0.08014|
|                  25|   (11.9773,6.02272)|(-0.0453341,0.0453339)|            0.064112|
|                  26|   (11.9818,6.01818)|(-0.0362673,0.0362672)|           0.0512896|
|                  27|   (11.9855,6.01456)|(-0.0290138,0.0290137)|           0.0410317|
|                  28|   (11.9884,6.01166)|(-0.0232111,0.023211)|           0.0328253|
|                  29|   (11.9907,6.00933)|(-0.0185688,0.0185688)|           0.0262603|
|                  30|   (11.9925,6.00748)|(-0.0148551,0.014855)|           0.0210082|
|                  31|    (11.994,6.00599)|(-0.0118841,0.011884)|           0.0168066|
|                  32|    (11.9952,6.0048)|(-0.00950725,0.00950722)|           0.0134453|
|                  33|   (11.9962,6.00385)|(-0.0076058,0.00760577)|           0.0107562|
|                  34|   (11.9969,6.00309)|(-0.00608464,0.00608462)|          0.00860497|

Root at the point: (11.9969,6.00309) grad: (-0.00608464,0.00608462)Func 0.225178 

Func was called 75 times 

